a1:(0.29633681019703434, 3.5243848579455355, 0.21412982221849164)
a2:(2.8188688541041635, 1.37050634481158, 2.727218548021303)
tb:(2.4001661080913954, 0.2361841180650157, 0.20544987800854342)
B:(19.43525889168715, 0.1716563360534522, 0.13608994723296775)